   0.100000E-03   0.656966E+02
   0.102020E-03   0.669696E+02
   0.104081E-03   0.682672E+02
   0.106184E-03   0.695899E+02
   0.108329E-03   0.709382E+02
   0.110517E-03   0.723126E+02
   0.112750E-03   0.737136E+02
   0.115027E-03   0.751418E+02
   0.117351E-03   0.765975E+02
   0.119722E-03   0.780814E+02
   0.122140E-03   0.795941E+02
   0.124608E-03   0.811360E+02
   0.127125E-03   0.827077E+02
   0.129693E-03   0.843098E+02
   0.132313E-03   0.859429E+02
   0.134986E-03   0.876076E+02
   0.137713E-03   0.893045E+02
   0.140495E-03   0.910341E+02
   0.143333E-03   0.927972E+02
   0.146228E-03   0.945944E+02
   0.149182E-03   0.964264E+02
   0.152196E-03   0.982937E+02
   0.155271E-03   0.100197E+03
   0.158407E-03   0.102137E+03
   0.161607E-03   0.104115E+03
   0.164872E-03   0.106131E+03
   0.168203E-03   0.108186E+03
   0.171601E-03   0.110280E+03
   0.175067E-03   0.112415E+03
   0.178604E-03   0.114591E+03
   0.182212E-03   0.116809E+03
   0.185893E-03   0.119070E+03
   0.189648E-03   0.121375E+03
   0.193479E-03   0.123724E+03
   0.197388E-03   0.126118E+03
   0.201375E-03   0.128558E+03
   0.205443E-03   0.131046E+03
   0.209594E-03   0.133581E+03
   0.213828E-03   0.136165E+03
   0.218147E-03   0.138799E+03
   0.222554E-03   0.141484E+03
   0.227050E-03   0.144221E+03
   0.231637E-03   0.147010E+03
   0.236316E-03   0.149852E+03
   0.241090E-03   0.152750E+03
   0.245960E-03   0.155703E+03
   0.250929E-03   0.158713E+03
   0.255998E-03   0.161781E+03
   0.261170E-03   0.164907E+03
   0.266446E-03   0.168094E+03
   0.271828E-03   0.171342E+03
   0.277319E-03   0.174652E+03
   0.282922E-03   0.178026E+03
   0.288637E-03   0.181464E+03
   0.294468E-03   0.184969E+03
   0.300417E-03   0.188540E+03
   0.306485E-03   0.192180E+03
   0.312677E-03   0.195889E+03
   0.318993E-03   0.199670E+03
   0.325437E-03   0.203522E+03
   0.332012E-03   0.207448E+03
   0.338719E-03   0.211450E+03
   0.345561E-03   0.215527E+03
   0.352542E-03   0.219682E+03
   0.359664E-03   0.223917E+03
   0.366930E-03   0.228232E+03
   0.374342E-03   0.232629E+03
   0.381904E-03   0.237110E+03
   0.389619E-03   0.241676E+03
   0.397490E-03   0.246329E+03
   0.405520E-03   0.251070E+03
   0.413712E-03   0.255901E+03
   0.422070E-03   0.260823E+03
   0.430596E-03   0.265839E+03
   0.439295E-03   0.270949E+03
   0.448169E-03   0.276156E+03
   0.457222E-03   0.281461E+03
   0.466459E-03   0.286866E+03
   0.475882E-03   0.292373E+03
   0.485496E-03   0.297984E+03
   0.495303E-03   0.303700E+03
   0.505309E-03   0.309523E+03
   0.515517E-03   0.315455E+03
   0.525931E-03   0.321498E+03
   0.536556E-03   0.327655E+03
   0.547395E-03   0.333926E+03
   0.558453E-03   0.340314E+03
   0.569734E-03   0.346821E+03
   0.581244E-03   0.353449E+03
   0.592986E-03   0.360200E+03
   0.604965E-03   0.367076E+03
   0.617186E-03   0.374079E+03
   0.629654E-03   0.381211E+03
   0.642374E-03   0.388475E+03
   0.655350E-03   0.395872E+03
   0.668589E-03   0.403405E+03
   0.682096E-03   0.411077E+03
   0.695875E-03   0.418888E+03
   0.709933E-03   0.426842E+03
   0.724274E-03   0.434941E+03
   0.738906E-03   0.443187E+03
   0.753832E-03   0.451582E+03
   0.769061E-03   0.460129E+03
   0.784597E-03   0.468831E+03
   0.800447E-03   0.477689E+03
   0.816617E-03   0.486706E+03
   0.833114E-03   0.495884E+03
   0.849944E-03   0.505226E+03
   0.867114E-03   0.514734E+03
   0.884631E-03   0.524411E+03
   0.902501E-03   0.534259E+03
   0.920733E-03   0.544281E+03
   0.939333E-03   0.554479E+03
   0.958309E-03   0.564856E+03
   0.977668E-03   0.575414E+03
   0.997418E-03   0.586156E+03
   0.101757E-02   0.597084E+03
   0.103812E-02   0.608201E+03
   0.105910E-02   0.619509E+03
   0.108049E-02   0.631012E+03
   0.110232E-02   0.642711E+03
   0.112459E-02   0.654609E+03
   0.114730E-02   0.666708E+03
   0.117048E-02   0.679012E+03
   0.119413E-02   0.691523E+03
   0.121825E-02   0.704243E+03
   0.124286E-02   0.717175E+03
   0.126797E-02   0.730321E+03
   0.129358E-02   0.743684E+03
   0.131971E-02   0.757266E+03
   0.134637E-02   0.771070E+03
   0.137357E-02   0.785099E+03
   0.140132E-02   0.799354E+03
   0.142963E-02   0.813838E+03
   0.145851E-02   0.828553E+03
   0.148797E-02   0.843503E+03
   0.151803E-02   0.858688E+03
   0.154870E-02   0.874112E+03
   0.157998E-02   0.889776E+03
   0.161190E-02   0.905683E+03
   0.164446E-02   0.921835E+03
   0.167768E-02   0.938234E+03
   0.171158E-02   0.954882E+03
   0.174615E-02   0.971781E+03
   0.178143E-02   0.988931E+03
   0.181741E-02   0.100634E+04
   0.185413E-02   0.102400E+04
   0.189158E-02   0.104192E+04
   0.192980E-02   0.106009E+04
   0.196878E-02   0.107853E+04
   0.200855E-02   0.109723E+04
   0.204913E-02   0.111619E+04
   0.209052E-02   0.113542E+04
   0.213276E-02   0.115491E+04
   0.217584E-02   0.117467E+04
   0.221979E-02   0.119469E+04
   0.226464E-02   0.121499E+04
   0.231039E-02   0.123554E+04
   0.235706E-02   0.125637E+04
   0.240467E-02   0.127746E+04
   0.245325E-02   0.129882E+04
   0.250281E-02   0.132045E+04
   0.255337E-02   0.134235E+04
   0.260495E-02   0.136451E+04
   0.265758E-02   0.138694E+04
   0.271126E-02   0.140963E+04
   0.276603E-02   0.143259E+04
   0.282191E-02   0.145581E+04
   0.287892E-02   0.147929E+04
   0.293708E-02   0.150303E+04
   0.299641E-02   0.152703E+04
   0.305694E-02   0.155128E+04
   0.311870E-02   0.157579E+04
   0.318170E-02   0.160055E+04
   0.324597E-02   0.162555E+04
   0.331155E-02   0.165080E+04
   0.337844E-02   0.167629E+04
   0.344669E-02   0.170201E+04
   0.351632E-02   0.172797E+04
   0.358735E-02   0.175416E+04
   0.365982E-02   0.178057E+04
   0.373376E-02   0.180720E+04
   0.380918E-02   0.183405E+04
   0.388613E-02   0.186110E+04
   0.396464E-02   0.188835E+04
   0.404473E-02   0.191580E+04
   0.412644E-02   0.194343E+04
   0.420980E-02   0.197125E+04
   0.429484E-02   0.199924E+04
   0.438160E-02   0.202739E+04
   0.447012E-02   0.205570E+04
   0.456042E-02   0.208416E+04
   0.465255E-02   0.211275E+04
   0.474653E-02   0.214148E+04
   0.484242E-02   0.217033E+04
   0.494024E-02   0.219928E+04
   0.504004E-02   0.222834E+04
   0.514186E-02   0.225749E+04
   0.524573E-02   0.228671E+04
   0.535170E-02   0.231600E+04
   0.545981E-02   0.234534E+04
   0.557011E-02   0.237471E+04
   0.568263E-02   0.240410E+04
   0.579743E-02   0.243350E+04
   0.591455E-02   0.246288E+04
   0.603403E-02   0.249223E+04
   0.615592E-02   0.252152E+04
   0.628028E-02   0.255074E+04
   0.640715E-02   0.257988E+04
   0.653658E-02   0.260891E+04
   0.666863E-02   0.263781E+04
   0.680335E-02   0.266658E+04
   0.694078E-02   0.269518E+04
   0.708100E-02   0.272362E+04
   0.722404E-02   0.275185E+04
   0.736998E-02   0.277988E+04
   0.751886E-02   0.280768E+04
   0.767075E-02   0.283523E+04
   0.782571E-02   0.286251E+04
   0.798380E-02   0.288950E+04
   0.814509E-02   0.291616E+04
   0.830963E-02   0.294246E+04
   0.847750E-02   0.296837E+04
   0.864875E-02   0.299385E+04
   0.882347E-02   0.301887E+04
   0.900171E-02   0.304339E+04
   0.918356E-02   0.306738E+04
   0.936908E-02   0.309080E+04
   0.955835E-02   0.311361E+04
   0.975144E-02   0.313580E+04
   0.994843E-02   0.315734E+04
   0.101494E-01   0.317820E+04
   0.103544E-01   0.319836E+04
   0.105636E-01   0.321779E+04
   0.107770E-01   0.323648E+04
   0.109947E-01   0.325440E+04
   0.112168E-01   0.327153E+04
   0.114434E-01   0.328784E+04
   0.116746E-01   0.330332E+04
   0.119104E-01   0.331790E+04
   0.121510E-01   0.333154E+04
   0.123965E-01   0.334419E+04
   0.126469E-01   0.335579E+04
   0.129024E-01   0.336630E+04
   0.131631E-01   0.337567E+04
   0.134290E-01   0.338385E+04
   0.137003E-01   0.339079E+04
   0.139770E-01   0.339644E+04
   0.142594E-01   0.340077E+04
   0.145474E-01   0.340375E+04
   0.148413E-01   0.340536E+04
   0.151411E-01   0.340558E+04
   0.154470E-01   0.340438E+04
   0.157590E-01   0.340176E+04
   0.160774E-01   0.339768E+04
   0.164022E-01   0.339215E+04
   0.167335E-01   0.338513E+04
   0.170716E-01   0.337664E+04
   0.174164E-01   0.336663E+04
   0.177683E-01   0.335509E+04
   0.181272E-01   0.334198E+04
   0.184934E-01   0.332729E+04
   0.188670E-01   0.331099E+04
   0.192481E-01   0.329307E+04
   0.196370E-01   0.327351E+04
   0.200337E-01   0.325229E+04
   0.204384E-01   0.322942E+04
   0.208513E-01   0.320489E+04
   0.212725E-01   0.317872E+04
   0.217022E-01   0.315094E+04
   0.221406E-01   0.312158E+04
   0.225879E-01   0.309068E+04
   0.230442E-01   0.305828E+04
   0.235097E-01   0.302442E+04
   0.239847E-01   0.298915E+04
   0.244692E-01   0.295250E+04
   0.249635E-01   0.291453E+04
   0.254678E-01   0.287532E+04
   0.259823E-01   0.283495E+04
   0.265072E-01   0.279350E+04
   0.270426E-01   0.275106E+04
   0.275889E-01   0.270772E+04
   0.281463E-01   0.266356E+04
   0.287149E-01   0.261866E+04
   0.292949E-01   0.257312E+04
   0.298867E-01   0.252706E+04
   0.304905E-01   0.248061E+04
   0.311064E-01   0.243390E+04
   0.317348E-01   0.238704E+04
   0.323759E-01   0.234015E+04
   0.330299E-01   0.229333E+04
   0.336972E-01   0.224670E+04
   0.343779E-01   0.220041E+04
   0.350724E-01   0.215462E+04
   0.357809E-01   0.210945E+04
   0.365038E-01   0.206502E+04
   0.372412E-01   0.202144E+04
   0.379935E-01   0.197882E+04
   0.387610E-01   0.193721E+04
   0.395440E-01   0.189669E+04
   0.403429E-01   0.185731E+04
   0.411579E-01   0.181912E+04
   0.419893E-01   0.178220E+04
   0.428375E-01   0.174667E+04
   0.437029E-01   0.171266E+04
   0.445858E-01   0.168029E+04
   0.454865E-01   0.164965E+04
   0.464053E-01   0.162074E+04
   0.473428E-01   0.159339E+04
   0.482992E-01   0.156747E+04
   0.492749E-01   0.154282E+04
   0.502703E-01   0.151933E+04
   0.512858E-01   0.149687E+04
   0.523219E-01   0.147535E+04
   0.533789E-01   0.145466E+04
   0.544572E-01   0.143470E+04
   0.555573E-01   0.141534E+04
   0.566796E-01   0.139643E+04
   0.578246E-01   0.137785E+04
   0.589927E-01   0.135940E+04
   0.601845E-01   0.134082E+04
   0.614003E-01   0.132185E+04
   0.626407E-01   0.130225E+04
   0.639061E-01   0.128177E+04
   0.651971E-01   0.126017E+04
   0.665142E-01   0.123726E+04
   0.678578E-01   0.121289E+04
   0.692287E-01   0.118699E+04
   0.706272E-01   0.115951E+04
   0.720539E-01   0.113046E+04
   0.735095E-01   0.109992E+04
   0.749945E-01   0.106799E+04
   0.765095E-01   0.103491E+04
   0.780551E-01   0.100095E+04
   0.796319E-01   0.966406E+03
   0.812406E-01   0.931587E+03
   0.828817E-01   0.896795E+03
   0.845561E-01   0.862349E+03
   0.862642E-01   0.828576E+03
   0.880068E-01   0.795787E+03
   0.897847E-01   0.764341E+03
   0.915985E-01   0.734550E+03
   0.934489E-01   0.706690E+03
   0.953367E-01   0.681016E+03
   0.972626E-01   0.657741E+03
   0.992274E-01   0.636950E+03
   0.101232E+00   0.618610E+03
   0.103277E+00   0.602658E+03
   0.105363E+00   0.588825E+03
   0.107492E+00   0.576799E+03
   0.109663E+00   0.566202E+03
   0.111879E+00   0.556572E+03
   0.114139E+00   0.547457E+03
   0.116445E+00   0.538386E+03
   0.118797E+00   0.528913E+03
   0.121197E+00   0.518649E+03
   0.123645E+00   0.507255E+03
   0.126143E+00   0.494511E+03
   0.128691E+00   0.480291E+03
   0.131291E+00   0.464615E+03
   0.133943E+00   0.447613E+03
   0.136649E+00   0.429556E+03
   0.139409E+00   0.410802E+03
   0.142226E+00   0.391833E+03
   0.145099E+00   0.373169E+03
   0.148030E+00   0.355379E+03
   0.151020E+00   0.338962E+03
   0.154071E+00   0.324301E+03
   0.157184E+00   0.311582E+03
   0.160359E+00   0.300796E+03
   0.163598E+00   0.291760E+03
   0.166903E+00   0.284191E+03
   0.170275E+00   0.277728E+03
   0.173715E+00   0.271945E+03
   0.177224E+00   0.266358E+03
   0.180804E+00   0.260439E+03
   0.184457E+00   0.253737E+03
   0.188183E+00   0.245975E+03
   0.191985E+00   0.237131E+03
   0.195863E+00   0.227420E+03
   0.199820E+00   0.217189E+03
   0.203856E+00   0.206849E+03
   0.207974E+00   0.196826E+03
   0.212176E+00   0.187537E+03
   0.216462E+00   0.179304E+03
   0.220835E+00   0.172280E+03
   0.225296E+00   0.166412E+03
   0.229847E+00   0.161471E+03
   0.234490E+00   0.157108E+03
   0.239227E+00   0.152918E+03
   0.244060E+00   0.148516E+03
   0.248990E+00   0.143643E+03
   0.254020E+00   0.138232E+03
   0.259152E+00   0.132397E+03
   0.264387E+00   0.126378E+03
   0.269728E+00   0.120481E+03
   0.275177E+00   0.115005E+03
   0.280736E+00   0.110151E+03
   0.286407E+00   0.105953E+03
   0.292193E+00   0.102295E+03
   0.298096E+00   0.989669E+02
   0.304118E+00   0.957183E+02
   0.310261E+00   0.923390E+02
   0.316529E+00   0.887412E+02
   0.322923E+00   0.849834E+02
   0.329447E+00   0.812178E+02
   0.336102E+00   0.776183E+02
   0.342892E+00   0.743196E+02
   0.349819E+00   0.713639E+02
   0.356885E+00   0.686868E+02
   0.364095E+00   0.661644E+02
   0.371450E+00   0.636712E+02
   0.378954E+00   0.611292E+02
   0.386609E+00   0.585517E+02
   0.394419E+00   0.560191E+02
   0.402387E+00   0.536101E+02
   0.410516E+00   0.513767E+02
   0.418809E+00   0.493148E+02
   0.427269E+00   0.473639E+02
   0.435901E+00   0.454640E+02
   0.444706E+00   0.435820E+02
   0.453690E+00   0.417254E+02
   0.462855E+00   0.399355E+02
   0.472206E+00   0.382429E+02
   0.481745E+00   0.366492E+02
   0.491477E+00   0.351364E+02
   0.501405E+00   0.336719E+02
   0.511534E+00   0.322444E+02
   0.521868E+00   0.308612E+02
   0.532411E+00   0.295360E+02
   0.543166E+00   0.282780E+02
   0.554139E+00   0.270749E+02
   0.565333E+00   0.259171E+02
   0.576753E+00   0.248039E+02
   0.588404E+00   0.237349E+02
   0.600291E+00   0.227095E+02
   0.612418E+00   0.217265E+02
   0.624789E+00   0.207843E+02
   0.637411E+00   0.198812E+02
   0.650288E+00   0.190156E+02
   0.663424E+00   0.181860E+02
   0.676826E+00   0.173910E+02
   0.690499E+00   0.166292E+02
   0.704448E+00   0.158991E+02
   0.718679E+00   0.151996E+02
   0.733197E+00   0.145294E+02
   0.748009E+00   0.138873E+02
   0.763119E+00   0.132722E+02
   0.778536E+00   0.126832E+02
   0.794263E+00   0.121190E+02
   0.810308E+00   0.115789E+02
   0.826677E+00   0.110618E+02
   0.843378E+00   0.105669E+02
   0.860415E+00   0.100932E+02
   0.877797E+00   0.963982E+01
   0.895529E+00   0.920606E+01
   0.913620E+00   0.879108E+01
   0.932076E+00   0.839410E+01
   0.950906E+00   0.801437E+01
   0.970115E+00   0.765118E+01
   0.989713E+00   0.730386E+01
   0.100971E+01   0.697172E+01
   0.103010E+01   0.665415E+01
   0.105091E+01   0.635053E+01
   0.107214E+01   0.606028E+01
   0.109380E+01   0.578283E+01
   0.111590E+01   0.551765E+01
   0.113844E+01   0.526421E+01
   0.116144E+01   0.502202E+01
   0.118490E+01   0.479061E+01
   0.120884E+01   0.456950E+01
   0.123326E+01   0.435827E+01
   0.125817E+01   0.415649E+01
   0.128359E+01   0.396375E+01
   0.130952E+01   0.377967E+01
   0.133597E+01   0.360388E+01
   0.136296E+01   0.343601E+01
   0.139049E+01   0.327572E+01
   0.141858E+01   0.312269E+01
   0.144724E+01   0.297660E+01
   0.147648E+01   0.283715E+01
   0.150630E+01   0.270406E+01
   0.153673E+01   0.257703E+01
   0.156778E+01   0.245581E+01
   0.159945E+01   0.234015E+01
   0.163176E+01   0.222979E+01
   0.166472E+01   0.212450E+01
   0.169835E+01   0.202406E+01
   0.173266E+01   0.192824E+01
   0.176766E+01   0.183683E+01
   0.180337E+01   0.174963E+01
   0.183980E+01   0.166646E+01
   0.187697E+01   0.158713E+01
   0.191489E+01   0.151147E+01
   0.195357E+01   0.143931E+01
   0.199304E+01   0.137049E+01
   0.203330E+01   0.130487E+01
   0.207437E+01   0.124231E+01
   0.211628E+01   0.118268E+01
   0.215903E+01   0.112586E+01
   0.220265E+01   0.107172E+01
   0.224714E+01   0.102015E+01
   0.229254E+01   0.971034E+00
   0.233885E+01   0.924265E+00
   0.238610E+01   0.879738E+00
